fips_ipeds,min(dif_white),max(dif_white),median(dif_white),mean(dif_white),sd(dif_white),min(dif_hispa),max(dif_hispa),median(dif_hispa),mean(dif_hispa),sd(dif_hispa),min(dif_black),max(dif_black),median(dif_black),mean(dif_black),sd(dif_black),min(dif_asian),max(dif_asian),median(dif_asian),mean(dif_asian),sd(dif_asian),min(dif_amind),max(dif_amind),median(dif_amind),mean(dif_amind),sd(dif_amind),min(dif_pacis),max(dif_pacis),median(dif_pacis),mean(dif_pacis),sd(dif_pacis),min(dif_twora),max(dif_twora),median(dif_twora),mean(dif_twora),sd(dif_twora)
1,Alabama,-65.29802,33.82872,3.2755615,-8.0045986,30.1513546275962,-18.08962,4.356997,-2.500908,-3.57874441,5.12495583508082,-25.28505,66.25224,-4.594827,9.35976886666667,30.551632182565,-4.031996,4.506811,-0.8035229,-0.557389463333333,1.73480231142658,-0.7170228,1.038391,-0.13491735,-0.0912119266666667,0.369824798350171,-0.2084886,2.909766,0.0545723,0.17992816,0.558769943491543,-2.896031,3.867469,-0.2363135,-0.0262788433333333,1.71717757700597
2,Alaska,-12.14842,0.9543121,-3.34364325,-4.4703486,6.18176247665294,-4.756989,-1.10303,-2.119467,-2.52473825,1.75838322138158,-3.572173,-0.0430658,-1.3916335,-1.59962645,1.48795466766176,-5.0016,2.03694,-2.954005,-2.2181675,3.27374267825288,-7.055115,9.630701,2.818692,2.0532425,7.96588592159363,-1.168593,0.1463561,-0.89464925,-0.70288385,0.599729216847673,-4.45661,2.092749,-1.01907725,-1.100503875,2.85331099007867
3,Arizona,-13.75773,37.51622,10.493893,10.21018435,10.4626206293201,-26.81425,8.286301,-13.36351,-11.93637275,8.43878240082972,-11.83514,20.389,0.6228849,2.398141545,6.92115705691661,-3.323021,7.199946,-0.6292715,0.09643978,2.74599587614139,-3.832915,2.947006,-1.3193695,-1.219292585,1.63857947145019,-0.2674384,1.380095,0.1524833,0.31869044,0.395103941019962,-4.185033,7.316807,0.10940915,0.014439805,3.16815485408034
4,Arkansas,-62.58468,31.25332,3.205192,-1.35027349047619,25.2585165313109,-16.55458,2.871811,-2.068026,-3.96701806666667,5.42975133945682,-20.30995,69.82644,-4.951784,3.59068542380952,25.039531948365,-4.289557,3.061419,-0.6572375,-0.621712161904762,1.63012191664624,-3.028909,1.282187,0.0695315,-0.023356419047619,0.994819054953479,-0.2641635,0.3152888,-0.0168901,-0.00224253333333333,0.166624945379143,-3.753396,7.503012,-0.2257492,-0.0151015238095238,2.61732524455031
5,California,-36.44272,72.11274,0.59690325,2.736413885,16.6005609711794,-43.80463,22.81439,-7.6255405,-8.62431090214286,14.7860488832966,-13.60897,33.19422,-0.94188805,0.18100958,8.25865799732648,-14.03959,65.20748,0.32684205,4.45905374,13.7168283512414,-2.545871,3.987049,-0.40848985,-0.255926184285714,0.645018704375393,-0.6460932,4.943243,0.109016,0.453372375714286,0.963674485301334,-6.867047,10.96811,0.1375908,0.106205283571429,3.38772038928777
6,Colorado,-23.74691,21.40483,5.873972,3.36922756,12.2831294728526,-21.83163,12.21401,-9.433918,-7.862136,7.5683015974607,-11.95693,23.17336,-0.519253,0.281595144,6.43037238051583,-2.72064,6.549221,-0.4728388,-0.059127876,2.12876858922862,-0.9372844,21.9615,-0.4712092,0.573264484,4.49183123590349,-0.2684125,0.7364596,0.0296308,0.0834659,0.259298987620803,-4.41928,6.068387,0.0519283,0.37674438,2.58760979070321
7,Connecticut,-17.31874,30.63377,6.0721545,6.74413728333333,12.9756147663371,-14.07498,9.427446,-7.068959,-6.12849264166667,5.46846197450379,-14.18208,20.30702,-2.856609,-1.77353343333333,8.73477371637942,-7.012557,12.61155,-1.5288225,-0.700116575,4.61696628450744,-0.8387567,0.8358391,-0.16029755,-0.198678354166667,0.425629370155273,-0.2084886,0.4319514,-0.0180274,0.00506530416666667,0.161306216859168,-2.328565,2.498781,-0.6925253,-0.415965641666667,1.36959542502467
8,Delaware,-43.55503,19.16044,-9.9962435,-10.720165,20.619551512706,-10.28175,-2.574917,-6.614677,-6.3846505,2.95148646855402,-20.10377,48.87607,12.5053425,14.1991098333333,24.7336302187783,-6.559016,1.003233,-4.091457,-3.771324,2.61771342343374,-0.3294293,1.025314,0.0423155,0.117801333333333,0.47992151904056,-0.0518915,0.3878121,0.0558464,0.1245227,0.185936939695672,-3.161842,3.122004,1.6326365,0.891241866666667,2.34056431306053
9,District of Columbia,-49.36291,14.69092,-28.92015,-20.07538,25.477199798678,-10.68408,14.10384,-6.253876,-4.22892381818182,7.15552172220691,-9.423046,65.46737,15.25403,16.5835394545455,27.403439600257,-5.640779,5.159413,-2.792922,-1.57825663636364,3.86955397643732,-0.8953819,0.7338153,-0.2849202,-0.257662309090909,0.52990273488762,-0.2084886,0.6587385,-0.0626042,0.0134826363636364,0.246071308186632,-3.86632,1.179612,-0.3897794,-0.651238327272727,1.58920511737786
10,Florida,-51.92989,74.24989,1.5534905,-0.0335030469696972,22.7975532136584,-41.83139,75.06542,-6.6788465,-4.84848438030303,17.9352805994554,-25.79016,60.94172,-6.4256725,-0.193782304545455,20.1739332131586,-3.38617,7.873672,-1.262602,-0.637418990909091,2.23198183445227,-0.7728906,2.198035,-0.07343915,-0.0439453212121212,0.422498901378557,-0.1707989,2.431329,0.04026635,0.143787853030303,0.369969500867369,-3.603341,3.154672,-0.9894337,-1.03173595151515,1.61221833874532
11,Georgia,-52.95252,38.50862,-2.0724625,-6.52526020555556,25.3498436537105,-17.14395,14.15357,-4.4764985,-4.15371275,5.21917646681479,-29.35265,65.59239,-1.541077,5.73013955925926,26.2029353651238,-4.100193,16.40176,-2.001028,-0.262916677777778,4.48545895508231,-0.8953819,1.26661,-0.09718885,-0.0837405981481481,0.37572548878221,-0.2084886,1.742647,0.0555723,0.134450937037037,0.307420165938633,-2.90745,3.454165,-0.41554125,-0.41354677962963,1.74009061472261
12,Hawaii,-15.74875,6.674253,-5.010108,-4.68299012222222,7.36957977799351,-15.11872,3.650675,-0.7817537,-3.00255526666667,5.60068141846444,-13.78049,6.599611,2.225535,0.0653554444444444,5.81252240533871,-15.84578,12.12888,-3.842208,-4.41191704444444,10.5115743034005,-0.1664353,0.4841223,0.0461699,0.100292455555556,0.250479395473575,-8.065597,52.522,0.6001152,6.1908968,18.7923394611441,-24.69169,8.637934,-1.572327,-6.3998089,11.2122966398732
13,Idaho,-9.750044,18.99796,-2.435583,1.423697,9.37330508871473,-15.5809,4.488079,-5.319292,-4.920306225,6.10398651200991,-0.5010096,1.945515,0.1521772,0.322347275,0.724937987051765,-0.8657189,0.5861603,-0.12040955,-0.14651235,0.623009982049554,-1.549663,0.6640525,-0.3052633,-0.4081861,0.691283898129068,-0.2430644,1.134706,0.2230657,0.2547729375,0.428734854430824,-0.9278851,3.753551,0.1103798,0.5196835125,1.47897005034294
14,Illinois,-45.15811,52.8103,-0.82216395,1.01711807564103,18.0479892177609,-20.49851,32.36298,-3.4371,-1.61883017564103,9.55428530256783,-16.72948,57.53945,-6.124721,-1.71408531666667,13.3830678625049,-5.522049,16.87228,-1.6516075,0.064920617948718,4.67149010090806,-0.8953819,1.374742,-0.0614422,-0.0477612923076923,0.444685805525714,-0.2084886,1.59133,0.0514743,0.15763175,0.378926424399089,-3.188513,15.42525,-0.1410147,-0.329489966666667,2.35165867880793
15,Indiana,-70.64084,32.71088,6.657091,3.38343471956522,19.4961001167902,-16.46599,11.50185,-2.30162,-3.86305226304348,6.72669092341971,-11.64008,79.3213,-6.170095,-0.728668234782609,15.9097966333448,-4.903592,10.39882,-1.9469425,-1.60294867608696,2.42161726669348,-0.7793726,1.230629,-0.0842208,-0.0883365934782609,0.415567420945016,-0.2084886,0.4279243,-0.005873,0.00605278260869565,0.136759197759465,-3.645753,2.041814,-0.3496821,-0.483201056521739,1.36331014851282
16,Iowa,-75.66807,30.61044,-0.37887085,-4.62971616764706,20.7919790225495,-15.10141,4.582427,-1.595996,-2.75780192352941,5.39428762406262,-12.04842,21.44625,-1.860951,0.106061747058823,6.9942313703104,-3.948831,13.67422,-2.165423,-1.22879082352941,3.13793509868975,-1.168013,1.225306,-0.11503415,-0.1169703,0.498275512273459,-0.2084886,1.008774,0.03843165,0.132967667647059,0.263755018924069,-2.718795,3.689608,-0.67238235,-0.542229397058824,1.17771334272233
17,Kansas,-69.95797,28.07698,-8.311266,-6.93786803703704,16.6534631325516,-13.09149,7.001224,-1.104412,-1.9385505037037,5.38952742968927,-10.65001,15.89281,1.366673,1.43773482962963,6.51795723146858,-4.329032,3.552904,-2.269741,-1.92070403703704,1.84240416620663,-3.401899,99.0964,-0.3168269,3.32014542962963,19.1669088185867,-0.2370891,0.6372902,-0.0397781,0.0309914814814815,0.233204341855479,-4.496286,3.048895,-1.46324,-1.47572441851852,1.94101228241558
18,Kentucky,-55.10756,30.72051,1.939833,0.588737786206897,17.676948230462,-16.04235,1.185524,-2.4147,-4.04913861724138,4.90676853419699,-9.891268,51.91224,-3.864028,-1.1053453137931,11.1942644652296,-3.976702,2.315167,-1.260864,-1.29713829655172,1.2317427751424,-0.791755,0.3560048,-0.0030873,-0.0848989896551724,0.317335116969796,-0.2084886,0.2404036,-0.0221531,-0.00182524137931034,0.10528725031523,-3.322121,5.996714,-0.4060073,-0.184893217241379,1.90435784514622
19,Louisiana,-50.50452,26.71162,8.699924,-1.89773190434783,26.0494476490444,-6.141958,27.31386,-1.255328,0.268710786956522,6.6343005982122,-39.42234,56.73655,-14.85315,-3.95740712173913,29.3890896987089,-2.117495,6.099079,0.220716,0.555791156521739,2.20556215830168,-0.6983854,4.963995,-0.3371491,0.113742813043478,1.19581393758857,-0.1295619,0.1907901,0.016336,0.0222723434782609,0.0742603356504964,-2.18073,3.246865,0.8494953,0.616615095652174,1.40328342289128
20,Maine,-11.82895,21.56788,-0.33085365,2.91250048333333,11.1174694905795,-16.93244,3.636143,-5.006311,-5.07103031666667,6.01779710543945,-12.81071,3.30081,-1.3662975,-3.23605695555556,4.49900282553906,-6.687079,2.133612,-0.9920892,-1.53491126666667,2.37845508655117,-1.045763,3.193877,-0.01823035,0.250978622222222,1.06423943610754,-0.2084886,0.3519604,-0.00407925,0.0158395888888889,0.140030894199164,-3.41354,4.768003,0.03157725,-0.0976040777777778,2.15843219551379
21,Maryland,-52.38887,39.37569,0.0436274999999999,-4.72789384375,25.7326979470314,-14.22322,4.025402,-6.463671,-6.258579625,4.67206601863698,-22.2912,76.52197,-4.497407,7.366723365625,26.7847214695758,-5.450919,20.85671,-1.733176,-0.0642985843750001,6.50101333639379,-0.8953819,0.4792675,-0.1848907,-0.180714409375,0.341238211456823,-0.2084886,0.778258,0.01148795,0.0535382125,0.181519444661443,-3.837908,2.385445,0.42778685,-0.18859658125,1.87033535076007
22,Massachusetts,-56.29758,34.19857,2.611148,0.151392157746479,16.9235975765968,-15.39151,21.20745,-6.184214,-5.24459639014085,6.19880159636217,-11.38195,32.22691,-3.708487,-1.83909866901408,8.74303700776607,-6.197618,21.60766,-1.715761,0.496886190140845,6.04991905869716,-0.8953819,1.666342,-0.1841911,-0.303239201408451,0.443252513535984,-0.2084886,0.3965051,-0.0570325,-0.0350856788732394,0.129811060967967,-3.636544,5.021986,-0.5155381,-0.371264129577465,1.73547145751191
23,Michigan,-53.79343,34.56095,1.4076265,0.342079767391304,16.3894272814493,-14.6931,11.97434,-1.890516,-2.7451363326087,4.29458171512016,-19.55252,41.96677,-6.000433,-4.05793928913044,10.9919410496678,-3.955244,10.28366,-1.614666,-0.819281397826087,3.07296773856497,-2.181943,4.871986,-0.0799306,-0.0453141282608696,0.875637418330937,-0.2084886,0.7984374,0.0251688,0.0454555608695652,0.180317818443445,-4.080651,3.949898,-0.80387555,-0.900564615217391,1.62222690573374
24,Minnesota,-41.42899,42.03238,0.239864,4.4907875,19.0025358387576,-18.50212,4.469528,-2.681564,-5.35827618055556,6.69376146542346,-12.485,23.01958,-3.025941,-3.05262595555556,7.53699245045322,-6.473316,7.872665,-0.2359417,-0.46916885,3.23243664311054,-5.030003,6.443389,-0.34713945,-0.293948836111111,1.52738164164613,-0.2084886,0.2665471,-0.0385521,-0.0215987222222222,0.111089304444063,-4.044559,9.216146,-0.6080386,-0.467262166666667,2.39892819129305
25,Mississippi,-50.82817,30.985,9.7907255,-5.3198174375,30.3228432513375,-19.38292,2.735847,-1.834769,-2.46528570625,4.83236575399097,-33.9771,56.33556,-7.02841,6.169453125,31.3753423748387,-1.003155,1.180165,-0.49503865,-0.25441515625,0.64143097808457,-0.6524445,0.3530576,-0.3001294,-0.194026425,0.324315668302082,-0.2084886,0.2674996,-0.000724750000000001,0.022496925,0.108265470574968,-3.628552,1.671121,-0.0797071,-0.2364062875,1.41474882009591
26,Missouri,-62.41416,39.50891,1.868612,-1.69788400377358,19.7322372754752,-17.40073,10.13476,-2.04206,-2.88543060754717,5.40963944465832,-18.10723,59.07245,-3.943253,-0.241041967924528,15.2767860962084,-4.275212,12.304,-1.099615,-0.549050720754717,2.63146761478083,-4.476098,2.430434,-0.1311979,-0.160547443396226,0.811012284789198,-0.2272764,1.155753,-0.0743504,-0.011148020754717,0.232117410596684,-3.753396,6.506023,-0.2603784,-0.305810649056604,1.91518496417607
27,Montana,-12.59547,30.26019,-1.03575,1.28362722222222,11.8995585812094,-15.06946,5.496131,-1.443598,-2.46090306666667,5.42997630279253,-13.3031,1.925497,0.5057873,-0.982300311111111,4.67102479786349,-3.561482,3.223677,-0.4240677,-0.449629388888889,1.75951583883881,-6.064775,1.125802,-4.199178,-3.01915092222222,2.66744413740249,-0.0700149,0.865993,0.277771,0.302596888888889,0.301832337597781,-3.578155,2.503407,-0.0977296,0.0208555555555555,1.79910949491645
28,Nebraska,-34.49944,31.30013,1.789188,-0.11970994,15.2305989399716,-13.76101,10.48168,-4.45626,-3.15475154,5.70954429585701,-11.37906,14.43307,-0.7907197,-0.517730076,5.45082330344351,-3.525557,4.222546,-1.377586,-1.066477504,1.70164786764504,-0.7942685,0.9110036,-0.4590546,-0.321644772,0.424049343471045,-0.1744163,1.689966,0.0057462,0.158819596,0.413822928312249,-2.568341,9.120221,0.4032912,0.57552628,2.22193137205369
29,Nevada,-11.7881,40.1822,6.900087,9.16185342857143,15.5435939904064,-25.23657,-1.138189,-4.920253,-10.12338,10.0276444466134,-6.918568,4.870935,-2.593886,-0.980004742857143,4.13586492130373,-7.081124,30.89648,3.875589,5.09646952857143,12.4502701570084,-1.777074,2.10178,0.0809829,0.257479185714286,1.20714129710642,-0.0154856,1.423373,0.4637254,0.573916914285714,0.576996416774508,-6.713003,5.019371,-2.454152,-1.49170322857143,4.19067784189957
30,New Hampshire,-14.22841,37.52307,-0.3446996,4.33928983333333,14.6208726503229,-16.09906,0.3347822,-4.782655,-5.77766412,4.63466205058463,-12.15016,17.20678,-2.441442,-1.77572572,7.05103267962732,-5.662291,9.95806,-2.507725,-1.9623201,3.73337358457747,-0.8442571,1.162898,0.1721633,0.210777793333333,0.511857956323191,-0.1573638,0.5956911,-0.0005224,0.05564198,0.182179689309504,-3.587017,1.646372,-0.8025355,-1.05268218666667,1.62492683264837
31,New Jersey,-37.18018,59.77003,4.276225,8.38952715,28.8910659204542,-21.47556,23.08311,-6.6530615,-4.0041435725,12.6257613237798,-17.85595,37.50869,-5.851992,-2.90042371,13.0037026201532,-7.650598,18.96516,-2.4221565,-1.0625552625,6.67292452877779,-0.8953819,0.4920672,-0.07682235,-0.1283714475,0.29686157703729,-0.2084886,0.6169156,0.0358251,0.1009957875,0.20813117726613,-3.753396,1.052535,-1.07970455,-1.4424259825,1.45906603374312
32,New Mexico,-15.34372,27.63798,5.38115,4.65758055714286,13.5980698447219,-36.01053,8.740583,-6.7743735,-8.17792091428571,12.2886339804,-13.05897,5.346031,1.143184,0.454579807142857,4.66875194538209,-2.839058,2.373923,-0.1740912,-0.0108526571428571,1.4496074147488,-6.761553,59.40277,-0.01629085,3.86732102857143,16.3782266631101,-0.2084886,3.020888,0.10673565,0.48881415,0.866462613217444,-4.242691,11.38784,-1.36743495,-0.411199242857143,3.99718398351428
33,New York,-39.57617,60.29377,6.1886575,11.6831650822368,26.0951639871259,-21.96083,61.58551,-6.973937,-6.44802418421053,11.9077617779272,-17.60776,37.96777,-7.6387,-5.69337389276316,9.7488548126518,-7.742659,22.65606,-1.7776085,-0.478207634868421,6.50574885931808,-0.8953819,1.270806,-0.26626,-0.189644663157895,0.429578474689601,-0.2084886,1.007985,-0.02625115,0.0341040026315789,0.19436033883069,-3.753396,6.766932,-1.1546,-1.11524407039474,1.91234025620262
34,North Carolina,-56.85655,31.45083,0.1741886,-7.21341103934426,25.5063316414923,-13.49685,5.924109,-4.294403,-4.60211645081967,4.025252497626,-21.41336,73.70798,-3.464956,9.15895536065574,27.7471458217284,-4.497508,16.07982,-1.013756,-0.628723550819672,2.86355396788228,-1.530908,14.36673,-0.5748848,-0.121685016393443,2.00969907178801,-0.2084886,2.27314,-0.0263092,0.0683343704918033,0.372793599039268,-3.517068,5.660336,-0.1251094,-0.310762093442623,1.85975353949899
35,North Dakota,-7.406366,24.10032,-3.19019,0.366859111111111,9.7695868118319,-12.73943,3.103197,-0.1456875,-0.816834133333333,4.83786309283264,-10.30761,2.715195,0.1068685,-0.599250622222222,3.90633104952182,-4.343328,0.4455839,-1.670825,-1.64426061111111,1.49424444176886,-10.36455,-0.4249481,-1.349784,-3.20020424444444,3.79071892406558,-0.092904,1.01919,0.2265319,0.301705388888889,0.350110552576141,-3.753396,3.860507,0.9177884,0.776057411111111,2.00380498805511
36,Ohio,-74.4343,36.82339,2.978915,-0.0741180605633802,21.2928831480189,-18.8875,20.30827,-1.326927,-3.19337418873239,6.18793635110248,-18.88465,81.18639,-5.355052,-1.15951972535211,16.8454238665908,-3.889376,15.60456,-1.497535,-0.934777263380282,2.64403165471221,-0.8953819,0.5845506,-0.0690234,-0.103561867605634,0.379930313274597,-0.2084886,0.5239531,-0.0280519,0.00876603943661972,0.137683980813355,-3.753396,3.922585,-0.3694016,-0.556503401408451,1.54377035620687
37,Oklahoma,-50.20694,22.24448,1.036948,-1.975977612,16.6148210893865,-17.83045,14.189,-3.116479,-4.266513132,6.0134240338436,-8.807061,61.17602,-4.10757,1.432944964,14.3676570938512,-3.879062,3.696406,-1.879673,-1.166663224,1.77785827519226,-7.23023,18.28623,0.3833942,0.603583408,5.14716226110038,-0.216084,0.8333473,-0.0060553,0.0578569,0.261735228006596,-6.522898,10.37228,-0.1371838,0.507045076,4.81832865699431
38,Oregon,-39.76014,19.36938,1.27809,-0.64611141724138,14.2732288648411,-15.54558,29.77737,-4.630888,-3.72181289310345,8.98425677994653,-12.74422,11.62634,-0.5951189,-1.41888176551724,5.07395529803041,-5.594763,8.15244,-0.8924521,0.0570018896551724,3.45071113538256,-1.115381,2.578815,-0.4105188,-0.137581182758621,0.768502912639644,-1.103813,8.670095,0.0731213,0.512113382758621,1.80487992486674,-7.083712,5.698568,0.9967275,0.663258762068966,3.19120042152828
39,Pennsylvania,-60.06807,53.15924,6.367749,6.9157735128,17.9276864741025,-19.66931,4.450894,-6.280522,-6.6048891912,5.90833295001667,-19.42892,68.19685,-5.427563,-2.7697804496,12.6106822543188,-7.429344,30.79145,-1.877402,-0.730659172,5.57141239603088,-0.8953819,2.835506,-0.1058047,-0.148344296,0.475426350654312,-0.2084886,0.5689523,0.0055708,0.0149662864,0.136274093305617,-3.182398,7.819951,-0.2189621,-0.3052067032,1.60308774107071
40,Rhode Island,-19.44138,30.91662,12.51022,9.40374955555556,18.6384751962704,-13.47032,2.744973,-10.28369,-8.44114011111111,5.6416525721961,-12.23139,5.037838,-9.852028,-6.388092,6.47621226464499,-4.16013,14.06598,-1.694433,0.416726888888889,6.68534849307989,-0.74356,0.1121288,-0.5764489,-0.466091044444444,0.292680043520399,-0.2084886,0.1156202,-0.0444244,-0.0612521555555556,0.0919002725282835,-2.44867,2.288583,-1.2071,-0.542645333333333,1.863086666357
41,South Carolina,-51.42698,29.01723,3.22699,-4.07359653783784,27.6389528116031,-15.76289,0.7148027,-4.000603,-4.09492814594595,3.58284481491155,-28.45269,65.04879,-4.034445,5.14730956756757,30.3739477274748,-3.435966,1.601073,-1.106181,-1.03372746756757,1.22427651167007,-1.329275,1.662381,0.0197878,0.046744072972973,0.535068412033735,-0.2084886,2.558354,-0.0014349,0.123114789189189,0.463700771053704,-2.936056,3.28722,0.2689585,-0.260996716216216,1.89490633922646
42,South Dakota,-31.61451,34.17692,4.78571,1.87590147692308,14.9575117705923,-17.12407,1.815609,-0.5729124,-2.56035802307692,5.2178544723333,-11.81929,31.23993,-0.0090424,3.27937833076923,10.2743872470757,-3.663206,1.850414,-0.9774113,-1.09477775384615,1.24293628268553,-8.552356,1.451209,-2.874702,-3.35940040769231,2.76111661601247,-0.2101977,1.01857,0.0246909,0.107770830769231,0.310940571092501,-4.944571,2.445144,0.0883382,-0.480462430769231,2.21905347242254
43,Tennessee,-70.13889,34.49958,0.9647099,-2.87500053958333,25.5203987951816,-18.66925,13.30758,-3.0229135,-3.77304388125,5.91173208586731,-19.73779,82.92153,-2.8510205,3.84442947083333,23.8570032270844,-4.103191,8.478861,-0.72318335,-0.220283004166667,2.50205865711226,-0.7765465,1.953778,-0.03849035,0.01978951875,0.489117105983776,-0.2084886,0.7865036,-0.04373085,0.01189945625,0.194885446503792,-3.753396,5.646789,-0.6549601,-0.357033464583333,1.86386598148549
44,Texas,-49.16039,33.96399,1.278034,-0.593861655913978,17.378206135635,-29.48697,28.84686,-7.733292,-6.14557404193548,11.6875443617035,-14.19756,67.83484,0.119862,5.22817829032258,18.8034859440646,-4.489868,27.27292,-0.7778845,0.986725183870968,6.02316050586191,-0.9646176,5.085124,-0.2592496,-0.107062396774194,0.7140067776258,-0.2084886,2.037356,0.0450686,0.160797274193548,0.370956332859589,-3.481146,4.37099,-0.060855,-0.378661248387097,1.88188283302105
45,Utah,-26.38894,31.72951,3.683031,3.04835546923077,16.473513656302,-13.90464,0.2844274,-4.76125,-5.49034450769231,4.00383488763933,-13.47196,7.095088,0.1361656,-1.11644932307692,5.60947614164144,-3.120742,3.115972,-1.390603,-1.00894472307692,1.72990387790227,-0.7399654,2.756538,-0.205471,0.0868804769230769,0.989246898705164,-0.6979184,3.623903,-0.1075748,0.2954696,1.16610912064217,-3.663485,9.126503,0.2807986,0.531622292307692,3.4029691461574
46,Vermont,-18.44075,32.7211,-4.070199,0.469940093333333,15.1291269735547,-17.04138,4.207556,-7.062117,-5.19535627333333,6.78914998320033,-11.88718,20.62381,-2.76971,-2.24130524666667,7.95057436065577,-5.692858,1.385133,-3.126179,-2.63479972666667,2.00376329721302,-0.8558874,4.781697,0.1909283,0.42873956,1.35220700502976,-0.2084886,0.2049237,-0.0416654,-0.0173652533333333,0.122075615694014,-2.379001,5.083859,0.8279625,0.53550346,2.11408163985433
47,Virginia,-50.55757,36.2235,1.519501,-2.45826445283019,21.1174788865495,-15.37432,6.090342,-3.120194,-2.68309083962264,4.15502331230092,-23.75714,66.4978,-6.376113,0.977272041509434,20.5201408228195,-5.745479,14.58788,-1.59016,-0.597075054716981,3.9258449176217,-0.8953819,3.005899,0.0152311,0.159517796226415,0.636401143015581,-0.2084886,2.762596,0.0474868,0.229299469811321,0.541242514385618,-4.658852,4.981728,0.0575218,-0.318843583018868,2.2518267760836
48,Washington,-40.35025,21.57813,3.755356,-3.57245035714286,17.8660962199007,-12.59346,53.13476,-5.630498,-3.02190000714286,11.8810419186697,-12.78882,24.37194,-1.0864589,-1.64385756428571,7.45805725357536,-7.905107,16.9705,-0.03166465,0.435175071428572,6.90107971186151,-1.118797,6.352794,-0.54725445,0.0944232535714286,1.62770514128248,-1.0135,3.730332,0.1170938,0.25708095,1.14879641108216,-7.924057,4.970742,0.70702965,-0.280100789285714,3.58220434649479
49,West Virginia,-39.53154,18.33642,-11.07437,-11.7532739,12.8592503828321,-4.874737,6.57822,0.13680535,0.152878775,2.1844920989553,-11.47968,15.02471,0.74661615,1.88017816,5.86965215957026,-3.490343,0.908594,-0.84145485,-0.948245155,1.13272488286474,-0.2466808,1.662694,0.2142307,0.36388972,0.472105075146538,-0.077599,1.819887,0.0436469,0.180862905,0.417078998004845,-3.594526,5.188693,-0.00871834999999999,-0.13048222,2.19943699267037
50,Wisconsin,-18.12807,37.08044,13.97365,11.9937350205128,13.3721868582681,-18.37266,6.987328,-4.913814,-6.34872285128205,6.39048818746725,-14.20902,13.27886,-5.808337,-4.87991765128205,5.37633841114811,-4.283302,2.683516,-1.093639,-0.863867797435897,1.89278656606784,-0.7741469,2.011287,-0.2047859,-0.100110828205128,0.572845184459729,-0.2841057,1.681099,-0.006213,0.048201858974359,0.295040693818315,-2.771316,1.98824,-0.181729,-0.313090251282051,1.21956870444266
51,Wyoming,-5.08666,-5.08666,-5.08666,-5.08666,NA,-4.829254,-4.829254,-4.829254,-4.829254,NA,-0.8784594,-0.8784594,-0.8784594,-0.8784594,NA,0.0446049,0.0446049,0.0446049,0.0446049,NA,-2.045829,-2.045829,-2.045829,-2.045829,NA,-0.3640073,-0.3640073,-0.3640073,-0.3640073,NA,0.5708862,0.5708862,0.5708862,0.5708862,NA
